2.5 0.01 1.5708 
2.50002 0.0166188 1.56418 
2.50009 0.0232373 1.55756 
2.5002 0.0298553 1.55094 
2.50035 0.0364723 1.54432 
2.50055 0.0430882 1.5377 
2.50079 0.0497027 1.53108 
2.50107 0.0563154 1.52446 
2.5014 0.0629261 1.51785 
2.50177 0.0695345 1.51123 
2.50219 0.0761402 1.50461 
2.50265 0.0827431 1.49799 
2.50315 0.0893428 1.49137 
2.5037 0.095939 1.48475 
2.50429 0.102531 1.47813 
2.50492 0.10912 1.47151 
2.5056 0.115704 1.46489 
2.50632 0.122283 1.45828 
2.50709 0.128858 1.45166 
2.5079 0.135427 1.44504 
2.50875 0.141991 1.43842 
2.50964 0.148549 1.4318 
2.51058 0.155101 1.42518 
2.51157 0.161646 1.41856 
2.51259 0.168185 1.41194 
2.51366 0.174717 1.40533 
2.51477 0.181242 1.39871 
2.51593 0.187759 1.39209 
2.51712 0.194269 1.38547 
2.51837 0.20077 1.37885 
2.51965 0.207263 1.37223 
2.52098 0.213748 1.36561 
2.52235 0.220223 1.35899 
2.52376 0.22669 1.35237 
2.52522 0.233146 1.34576 
2.52671 0.239593 1.33914 
2.52825 0.24603 1.33252 
2.52984 0.252457 1.3259 
2.53146 0.258873 1.31928 
2.53313 0.265278 1.31266 
2.53484 0.271672 1.30604 
2.5366 0.278054 1.29942 
2.53839 0.284425 1.2928 
2.54023 0.290784 1.28619 
2.54211 0.29713 1.27957 
2.54403 0.303464 1.27295 
2.54599 0.309785 1.26633 
2.548 0.316093 1.25971 
2.55005 0.322387 1.25309 
2.55213 0.328668 1.24647 
2.55426 0.334935 1.23985 
2.55643 0.341187 1.23323 
2.55865 0.347425 1.22662 
2.5609 0.353649 1.22 
2.5632 0.359857 1.21338 
2.56553 0.36605 1.20676 
2.56791 0.372227 1.20014 
2.57033 0.378388 1.19352 
2.57279 0.384533 1.1869 
2.57529 0.390662 1.18028 
2.57783 0.396774 1.17367 
2.58041 0.40287 1.16705 
2.58303 0.408948 1.16043 
2.58569 0.415008 1.15381 
2.58839 0.421051 1.14719 
2.59113 0.427076 1.14057 
2.59391 0.433082 1.13395 
2.59673 0.43907 1.12733 
2.59959 0.445039 1.12071 
2.60249 0.45099 1.1141 
2.60543 0.45692 1.10748 
2.6084 0.462832 1.10086 
2.61142 0.468723 1.09424 
2.61448 0.474594 1.08762 
2.61757 0.480445 1.081 
2.6207 0.486276 1.07438 
2.62388 0.492085 1.06776 
2.62709 0.497873 1.06114 
2.63033 0.50364 1.05453 
2.63362 0.509386 1.04791 
2.63694 0.515109 1.04129 
2.64031 0.52081 1.03467 
2.64371 0.526489 1.02805 
2.64714 0.532146 1.02143 
2.65062 0.537779 1.01481 
2.65413 0.543389 1.00819 
2.65768 0.548976 1.00157 
2.66126 0.55454 0.994956 
2.66489 0.560079 0.988337 
2.66855 0.565595 0.981718 
2.67224 0.571086 0.975099 
2.67597 0.576552 0.968481 
2.67974 0.581994 0.961862 
2.68355 0.587411 0.955243 
2.68739 0.592802 0.948624 
2.69126 0.598168 0.942005 
2.69517 0.603508 0.935386 
2.69912 0.608822 0.928767 
2.7031 0.614109 0.922149 
2.70711 0.619371 0.91553 
2.71117 0.624605 0.908911 
2.71525 0.629813 0.902292 
2.71937 0.634993 0.895673 
2.72352 0.640147 0.889054 
2.72771 0.645272 0.882435 
2.73193 0.65037 0.875817 
2.73619 0.65544 0.869198 
2.74048 0.660481 0.862579 
2.7448 0.665494 0.85596 
2.74915 0.670478 0.849341 
2.75354 0.675433 0.842722 
2.75796 0.680359 0.836104 
2.76242 0.685256 0.829485 
2.7669 0.690123 0.822866 
2.77142 0.69496 0.816247 
2.77597 0.699768 0.809628 
2.78055 0.704545 0.803009 
2.78516 0.709292 0.79639 
2.78981 0.714008 0.789772 
2.79448 0.718693 0.783153 
2.79919 0.723347 0.776534 
2.80393 0.72797 0.769915 
2.80869 0.732561 0.763296 
2.81349 0.737121 0.756677 
2.81832 0.741649 0.750058 
2.82318 0.746145 0.74344 
2.82806 0.750609 0.736821 
2.83298 0.75504 0.730202 
2.83793 0.759438 0.723583 
2.8429 0.763804 0.716964 
2.8479 0.768137 0.710345 
2.85294 0.772436 0.703726 
2.858 0.776702 0.697108 
2.86309 0.780935 0.690489 
2.8682 0.785134 0.68387 
2.87335 0.789298 0.677251 
2.87852 0.793429 0.670632 
2.88372 0.797525 0.664013 
2.88894 0.801587 0.657394 
2.8942 0.805614 0.650776 
2.89948 0.809606 0.644157 
2.90478 0.813564 0.637538 
2.91011 0.817486 0.630919 
2.91547 0.821372 0.6243 
2.92085 0.825224 0.617681 
2.92626 0.829039 0.611062 
2.9317 0.832818 0.604444 
2.93715 0.836562 0.597825 
2.94264 0.840269 0.591206 
2.94814 0.84394 0.584587 
2.95368 0.847574 0.577968 
2.95923 0.851172 0.571349 
2.96481 0.854733 0.56473 
2.97041 0.858257 0.558112 
2.97604 0.861743 0.551493 
2.98169 0.865193 0.544874 
2.98736 0.868605 0.538255 
2.99306 0.871979 0.531636 
2.99877 0.875315 0.525017 
3.00451 0.878614 0.518398 
3.01027 0.881874 0.51178 
3.01605 0.885097 0.505161 
3.02185 0.888281 0.498542 
3.02768 0.891426 0.491923 
3.03351 0.894548 0.491191 
3.03935 0.89767 0.491191 
3.04519 0.900792 0.491191 
3.05102 0.903914 0.491191 
3.05686 0.907036 0.491191 
3.0627 0.910158 0.491191 
3.06853 0.91328 0.491191 
3.07437 0.916402 0.491191 
3.0802 0.919524 0.491191 
3.08604 0.922646 0.491191 
3.09188 0.925768 0.491191 
3.09771 0.92889 0.491191 
3.10355 0.932012 0.491191 
3.10939 0.935134 0.491191 
3.11522 0.938256 0.491191 
3.12106 0.941378 0.491191 
3.1269 0.9445 0.491191 
3.13273 0.947622 0.491191 
3.13857 0.950744 0.491191 
3.1444 0.953866 0.491191 
3.15024 0.956988 0.491191 
3.15608 0.96011 0.491191 
3.16191 0.963232 0.491191 
3.16775 0.966353 0.491191 
3.17359 0.969475 0.491191 
3.17942 0.972597 0.491191 
3.18526 0.975719 0.491191 
3.19109 0.978841 0.491191 
3.19693 0.981963 0.491191 
3.20277 0.985085 0.491191 
3.2086 0.988207 0.491191 
3.21444 0.991329 0.491191 
3.22028 0.994451 0.491191 
3.22611 0.997573 0.491191 
3.23195 1.0007 0.491191 
3.23779 1.00382 0.491191 
3.24362 1.00694 0.491191 
3.24946 1.01006 0.491191 
3.25529 1.01318 0.491191 
3.26113 1.0163 0.491191 
3.26697 1.01943 0.491191 
3.2728 1.02255 0.491191 
3.27864 1.02567 0.491191 
3.28448 1.02879 0.491191 
3.29031 1.03191 0.491191 
3.29615 1.03504 0.491191 
3.30198 1.03816 0.491191 
3.30782 1.04128 0.491191 
3.31366 1.0444 0.491191 
3.31949 1.04752 0.491191 
3.32533 1.05065 0.491191 
3.33117 1.05377 0.491191 
3.337 1.05689 0.491191 
3.34284 1.06001 0.491191 
3.34868 1.06313 0.491191 
3.35451 1.06626 0.491191 
3.36035 1.06938 0.491191 
3.36618 1.0725 0.491191 
3.37202 1.07562 0.491191 
3.37786 1.07874 0.491191 
3.38369 1.08187 0.491191 
3.38953 1.08499 0.491191 
3.39537 1.08811 0.491191 
3.4012 1.09123 0.491191 
3.40704 1.09435 0.491191 
3.41288 1.09748 0.491191 
3.41871 1.1006 0.491191 
3.42455 1.10372 0.491191 
3.43038 1.10684 0.491191 
3.43622 1.10996 0.491191 
3.44206 1.11309 0.491191 
3.44789 1.11621 0.491191 
3.45373 1.11933 0.491191 
3.45957 1.12245 0.491191 
3.4654 1.12557 0.491191 
3.47124 1.1287 0.491191 
3.47707 1.13182 0.491191 
3.48291 1.13494 0.491191 
3.48875 1.13806 0.491191 
3.49458 1.14118 0.491191 
3.50042 1.14431 0.491191 
3.50626 1.14743 0.491191 
3.51209 1.15055 0.491191 
3.51793 1.15367 0.491191 
3.52377 1.15679 0.491191 
3.5296 1.15992 0.491191 
3.53544 1.16304 0.491191 
3.54127 1.16616 0.491191 
3.54711 1.16928 0.491191 
3.55295 1.1724 0.491191 
3.55878 1.17552 0.491191 
3.56462 1.17865 0.491191 
3.57046 1.18177 0.491191 
3.57629 1.18489 0.491191 
3.58213 1.18801 0.491191 
3.58796 1.19113 0.491191 
3.5938 1.19426 0.491191 
3.59964 1.19738 0.491191 
3.60547 1.2005 0.491191 
3.61131 1.20362 0.491191 
3.61715 1.20674 0.491191 
3.62298 1.20987 0.491191 
3.62882 1.21299 0.491191 
3.63466 1.21611 0.491191 
3.64049 1.21923 0.491191 
3.64633 1.22235 0.491191 
3.65216 1.22548 0.491191 
3.658 1.2286 0.491191 
3.66384 1.23172 0.491191 
3.66967 1.23484 0.491191 
3.67551 1.23796 0.491191 
3.68135 1.24109 0.491191 
3.68718 1.24421 0.491191 
3.69302 1.24733 0.491191 
3.69885 1.25045 0.491191 
3.70469 1.25357 0.491191 
3.71053 1.2567 0.491191 
3.71636 1.25982 0.491191 
3.7222 1.26294 0.491191 
3.72804 1.26606 0.491191 
3.73387 1.26918 0.491191 
3.73971 1.27231 0.491191 
3.74555 1.27543 0.491191 
3.75138 1.27855 0.491191 
3.75722 1.28167 0.491191 
3.76305 1.28479 0.491191 
3.76889 1.28792 0.491191 
3.77473 1.29104 0.491191 
3.78056 1.29416 0.491191 
3.7864 1.29728 0.491191 
3.79224 1.3004 0.491191 
3.79807 1.30353 0.491191 
3.80391 1.30665 0.491191 
3.80974 1.30977 0.491191 
3.81558 1.31289 0.491191 
3.82142 1.31601 0.491191 
3.82725 1.31913 0.491191 
3.83309 1.32226 0.491191 
3.83893 1.32538 0.491191 
3.84476 1.3285 0.491191 
3.8506 1.33162 0.491191 
3.85643 1.33475 0.493239 
3.86225 1.3379 0.499858 
3.86805 1.34109 0.506477 
3.87383 1.34432 0.513096 
3.87959 1.34759 0.519715 
3.88532 1.3509 0.526333 
3.89103 1.35424 0.532952 
3.89672 1.35762 0.539571 
3.90239 1.36104 0.54619 
3.90803 1.3645 0.552809 
3.91365 1.36799 0.559428 
3.91925 1.37152 0.566046 
3.92483 1.37509 0.572665 
3.93038 1.3787 0.579284 
3.9359 1.38234 0.585903 
3.94141 1.38602 0.592522 
3.94689 1.38973 0.599141 
3.95234 1.39348 0.60576 
3.95777 1.39727 0.612378 
3.96317 1.40109 0.618997 
3.96855 1.40495 0.625616 
3.9739 1.40884 0.632235 
3.97923 1.41277 0.638854 
3.98453 1.41673 0.645473 
3.9898 1.42073 0.652092 
3.99505 1.42477 0.65871 
4.00027 1.42884 0.665329 
4.00546 1.43294 0.671948 
4.01063 1.43708 0.678567 
4.01577 1.44125 0.685186 
4.02088 1.44545 0.691805 
4.02596 1.44969 0.698424 
4.03102 1.45397 0.705042 
4.03605 1.45827 0.711661 
4.04104 1.46261 0.71828 
4.04601 1.46698 0.724899 
4.05095 1.47139 0.731518 
4.05586 1.47583 0.738137 
4.06074 1.4803 0.744756 
4.0656 1.4848 0.751374 
4.07042 1.48933 0.757993 
4.07521 1.4939 0.764612 
4.07997 1.4985 0.771231 
4.0847 1.50313 0.77785 
4.0894 1.50779 0.784469 
4.09407 1.51248 0.791088 
4.09871 1.5172 0.797706 
4.10332 1.52195 0.804325 
4.10789 1.52674 0.810944 
4.11243 1.53155 0.817563 
4.11695 1.53639 0.824182 
4.12142 1.54127 0.830801 
4.12587 1.54617 0.83742 
4.13032 1.55108 0.830791 
4.13481 1.55596 0.824163 
4.13933 1.56081 0.817534 
4.14388 1.56563 0.810906 
4.14846 1.57042 0.804278 
4.15307 1.57518 0.797649 
4.15772 1.57991 0.791021 
4.16239 1.5846 0.784392 
4.1671 1.58927 0.777764 
4.17184 1.59391 0.771136 
4.17661 1.59851 0.764507 
4.18141 1.60308 0.757879 
4.18624 1.60762 0.751251 
4.1911 1.61213 0.744622 
4.19598 1.61661 0.737994 
4.2009 1.62105 0.731365 
4.20585 1.62546 0.724737 
4.21083 1.62984 0.718109 
4.21583 1.63418 0.71148 
4.22087 1.63849 0.704852 
4.22593 1.64277 0.698224 
4.23102 1.64702 0.691595 
4.23614 1.65123 0.684967 
4.24129 1.6554 0.678338 
4.24646 1.65954 0.67171 
4.25167 1.66365 0.665082 
4.2569 1.66773 0.658453 
4.26215 1.67176 0.651825 
4.26743 1.67577 0.645196 
4.27274 1.67974 0.638568 
4.27808 1.68367 0.63194 
4.28344 1.68757 0.625311 
4.28883 1.69143 0.618683 
4.29424 1.69526 0.612055 
4.29968 1.69905 0.605426 
4.30514 1.7028 0.598798 
4.31063 1.70652 0.592169 
4.31614 1.7102 0.585541 
4.32168 1.71384 0.578913 
4.32724 1.71745 0.572284 
4.33282 1.72102 0.565656 
4.33843 1.72456 0.559027 
4.34406 1.72805 0.552399 
4.34971 1.73151 0.545771 
4.35539 1.73494 0.539142 
4.36109 1.73832 0.532514 
4.36681 1.74167 0.525886 
4.37255 1.74497 0.519257 
4.37832 1.74824 0.512629 
4.38411 1.75148 0.506 
4.38991 1.75467 0.499372 
4.39574 1.75782 0.492744 
4.40159 1.76094 0.486115 
4.40747 1.76402 0.479487 
4.41336 1.76706 0.472859 
4.41927 1.77006 0.46623 
4.4252 1.77302 0.459602 
4.43115 1.77594 0.452973 
4.43712 1.77882 0.446345 
4.44311 1.78166 0.439717 
4.44911 1.78446 0.433088 
4.45514 1.78722 0.42646 
4.46118 1.78994 0.419831 
4.46724 1.79263 0.413203 
4.47332 1.79527 0.406575 
4.47942 1.79787 0.399946 
4.48553 1.80043 0.393318 
4.49166 1.80295 0.38669 
4.49781 1.80543 0.380061 
4.50398 1.80787 0.373433 
4.51016 1.81026 0.366804 
4.51635 1.81262 0.360176 
4.52256 1.81494 0.353548 
4.52879 1.81721 0.346919 
4.53503 1.81944 0.340291 
4.54128 1.82164 0.333663 
4.54755 1.82379 0.327034 
4.55384 1.82589 0.320406 
4.56014 1.82796 0.313777 
4.56645 1.82999 0.307149 
4.57277 1.83197 0.300521 
4.57911 1.83391 0.293892 
4.58546 1.83581 0.287264 
4.59182 1.83767 0.280635 
4.5982 1.83948 0.274007 
4.60459 1.84125 0.267379 
4.61098 1.84298 0.26075 
4.61739 1.84467 0.254122 
4.62381 1.84632 0.247494 
4.63025 1.84792 0.240865 
4.63669 1.84948 0.234237 
4.64314 1.851 0.227608 
4.6496 1.85247 0.22098 
4.65608 1.8539 0.214352 
4.66256 1.85529 0.207723 
4.66905 1.85663 0.201095 
4.67555 1.85794 0.194467 
4.68205 1.8592 0.187838 
4.68857 1.86041 0.18121 
4.69509 1.86159 0.174581 
4.70162 1.86272 0.167953 
4.70816 1.8638 0.161325 
4.71471 1.86484 0.154696 
4.72126 1.86584 0.148068 
4.72782 1.8668 0.141439 
4.73439 1.86771 0.134811 
4.74096 1.86858 0.128183 
4.74753 1.86941 0.121554 
4.75412 1.87019 0.114926 
4.7607 1.87093 0.108298 
4.7673 1.87162 0.101669 
4.77389 1.87227 0.0950408 
4.78049 1.87288 0.0884124 
4.7871 1.87344 0.081784 
4.7937 1.87396 0.0751556 
4.80032 1.87444 0.0685273 
4.80693 1.87487 0.0618989 
4.81355 1.87526 0.0552705 
4.82017 1.8756 0.0486421 
4.82679 1.8759 0.0420137 
4.83341 1.87616 0.0353854 
4.84004 1.87637 0.028757 
4.84666 1.87654 0.0221286 
4.85329 1.87667 0.0155002 
4.85992 1.87675 0.00887183 
4.86655 1.87678 0.00224344 
4.87317 1.87678 -0.00438494 
4.8798 1.87673 -0.0110133 
4.88643 1.87663 -0.0176417 
4.89306 1.87649 -0.0242701 
4.89968 1.87631 -0.0308985 
4.90631 1.87608 -0.0375268 
4.91293 1.87581 -0.0441552 
4.91955 1.8755 -0.0507836 
4.92617 1.87514 -0.057412 
4.93279 1.87474 -0.0640404 
4.9394 1.87429 -0.0706688 
4.94601 1.8738 -0.0772971 
4.95262 1.87327 -0.0839255 
4.95922 1.87269 -0.0905539 
4.96582 1.87207 -0.0971823 
4.97241 1.8714 -0.103811 
4.979 1.87069 -0.110439 
4.98559 1.86994 -0.117067 
4.99217 1.86915 -0.123696 
4.99874 1.86831 -0.130324 
5.00531 1.86742 -0.136953 
5.01188 1.8665 -0.143581 
5.01843 1.86553 -0.150209 
5.02498 1.86451 -0.156838 
5.03153 1.86346 -0.163466 
5.03806 1.86235 -0.170094 
5.04459 1.86121 -0.176723 
5.05111 1.86002 -0.183351 
5.05763 1.85879 -0.18998 
5.06413 1.85752 -0.196608 
5.07063 1.8562 -0.203236 
5.07712 1.85485 -0.209865 
5.0836 1.85344 -0.216493 
5.09006 1.852 -0.223122 
5.09652 1.85051 -0.22975 
5.10297 1.84898 -0.236378 
5.10941 1.84741 -0.243007 
5.11584 1.84579 -0.249635 
5.12226 1.84413 -0.256263 
5.12866 1.84243 -0.262892 
5.13506 1.84068 -0.26952 
5.14144 1.8389 -0.276149 
5.14781 1.83707 -0.282777 
5.15417 1.8352 -0.289405 
5.16052 1.83329 -0.296034 
5.16685 1.83133 -0.302662 
5.17317 1.82934 -0.30929 
5.17948 1.8273 -0.315919 
5.18577 1.82522 -0.322547 
5.19205 1.8231 -0.329176 
5.19832 1.82093 -0.335804 
5.20457 1.81873 -0.342432 
5.2108 1.81648 -0.349061 
5.21703 1.81419 -0.355689 
5.22323 1.81186 -0.362318 
5.22942 1.80949 -0.368946 
5.2356 1.80708 -0.375574 
5.24175 1.80463 -0.382203 
5.2479 1.80214 -0.388831 
5.25402 1.79961 -0.395459 
5.26013 1.79703 -0.402088 
5.26622 1.79442 -0.408716 
5.27229 1.79176 -0.415345 
5.27835 1.78907 -0.421973 
5.28439 1.78633 -0.428601 
5.29041 1.78356 -0.43523 
5.29641 1.78074 -0.441858 
5.30239 1.77789 -0.448486 
5.30835 1.775 -0.455115 
5.3143 1.77206 -0.461743 
5.32022 1.76909 -0.468372 
5.32613 1.76608 -0.475 
5.33201 1.76303 -0.481628 
5.33788 1.75994 -0.488257 
5.34373 1.75683 -0.488432 
5.34958 1.75372 -0.488432 
5.35544 1.75061 -0.488432 
5.36129 1.7475 -0.488432 
5.36714 1.74439 -0.488432 
5.373 1.74128 -0.488432 
5.37885 1.73817 -0.488432 
5.3847 1.73506 -0.488432 
5.39056 1.73195 -0.488432 
5.39641 1.72883 -0.488432 
5.40226 1.72572 -0.488432 
5.40812 1.72261 -0.488432 
5.41397 1.7195 -0.488432 
5.41982 1.71639 -0.488432 
5.42568 1.71328 -0.488432 
5.43153 1.71017 -0.488432 
5.43738 1.70706 -0.488432 
5.44324 1.70395 -0.488432 
5.44909 1.70084 -0.488432 
5.45494 1.69773 -0.488432 
5.4608 1.69462 -0.488432 
5.46665 1.69151 -0.488432 
5.4725 1.6884 -0.488432 
5.47836 1.68529 -0.488432 
5.48421 1.68218 -0.488432 
5.49006 1.67907 -0.488432 
5.49592 1.67596 -0.488432 
5.50177 1.67285 -0.488432 
5.50762 1.66974 -0.488432 
5.51348 1.66663 -0.488432 
5.51933 1.66352 -0.488432 
5.52518 1.66041 -0.488432 
5.53104 1.6573 -0.488432 
5.53689 1.65419 -0.488432 
5.54274 1.65108 -0.488432 
5.5486 1.64797 -0.488432 
5.55445 1.64486 -0.488432 
5.5603 1.64175 -0.488432 
5.56616 1.63864 -0.488432 
5.57201 1.63553 -0.488432 
5.57786 1.63242 -0.488432 
5.58372 1.6293 -0.488432 
5.58957 1.62619 -0.488432 
5.59542 1.62308 -0.488432 
5.60128 1.61997 -0.488432 
5.60713 1.61686 -0.488432 
5.61298 1.61375 -0.488432 
5.61884 1.61064 -0.488432 
5.62469 1.60753 -0.488432 
5.63054 1.60442 -0.488432 
5.6364 1.60131 -0.488432 
5.64225 1.5982 -0.488432 
5.6481 1.59509 -0.488432 
5.65396 1.59198 -0.488432 
5.65981 1.58887 -0.488432 
5.66566 1.58576 -0.488432 
5.67152 1.58265 -0.488432 
5.67737 1.57954 -0.488432 
5.68322 1.57643 -0.488432 
5.68908 1.57332 -0.488432 
5.69493 1.57021 -0.488432 
5.70078 1.5671 -0.488432 
5.70664 1.56399 -0.488432 
5.71249 1.56088 -0.488432 
5.71834 1.55777 -0.488432 
5.7242 1.55466 -0.488432 
5.73005 1.55155 -0.488432 
5.7359 1.54844 -0.488432 
5.74176 1.54533 -0.488432 
5.74761 1.54222 -0.488432 
5.75346 1.53911 -0.488432 
5.75932 1.536 -0.488432 
5.76517 1.53289 -0.488432 
5.77102 1.52977 -0.488432 
5.77688 1.52666 -0.488432 
5.78273 1.52355 -0.488432 
5.78858 1.52044 -0.488432 
5.79444 1.51733 -0.488432 
5.80029 1.51422 -0.488432 
5.80614 1.51111 -0.488432 
5.812 1.508 -0.488432 
5.81785 1.50489 -0.488432 
5.8237 1.50178 -0.488432 
5.82956 1.49867 -0.488432 
5.83541 1.49556 -0.488432 
5.84126 1.49245 -0.488432 
5.84712 1.48934 -0.488432 
5.85297 1.48623 -0.488432 
5.85882 1.48312 -0.488432 
5.86468 1.48001 -0.488432 
5.87053 1.4769 -0.488432 
5.87638 1.47379 -0.488432 
5.88224 1.47068 -0.488432 
5.88809 1.46757 -0.488432 
5.89394 1.46446 -0.488432 
5.8998 1.46135 -0.488432 
5.90565 1.45824 -0.488432 
5.9115 1.45513 -0.488432 
5.91736 1.45202 -0.488432 
5.92321 1.44891 -0.488432 
5.92906 1.4458 -0.488432 
5.93492 1.44269 -0.488432 
5.94077 1.43958 -0.488432 
5.94662 1.43647 -0.488432 
5.95248 1.43336 -0.488432 
5.95833 1.43024 -0.488432 
5.96418 1.42713 -0.488432 
5.97004 1.42402 -0.488432 
5.97589 1.42091 -0.488432 
5.98174 1.4178 -0.488432 
5.9876 1.41469 -0.488432 
5.99345 1.41158 -0.488432 
5.9993 1.40847 -0.488432 
6.00516 1.40536 -0.488432 
6.01101 1.40225 -0.488432 
6.01686 1.39914 -0.488432 
6.02272 1.39603 -0.488432 
6.02857 1.39292 -0.488432 
6.03442 1.38981 -0.488432 
6.04028 1.3867 -0.488432 
6.04613 1.38359 -0.488432 
6.05198 1.38048 -0.488432 
6.05784 1.37737 -0.488432 
6.06369 1.37426 -0.488432 
6.06954 1.37115 -0.488432 
6.0754 1.36804 -0.488432 
6.08125 1.36493 -0.488432 
6.0871 1.36182 -0.488432 
6.09295 1.35871 -0.488432 
6.09881 1.3556 -0.488432 
6.10466 1.35249 -0.488432 
6.11051 1.34938 -0.488432 
6.11637 1.34627 -0.488432 
6.12222 1.34316 -0.488432 
6.12807 1.34005 -0.488432 
6.13393 1.33694 -0.488432 
6.13978 1.33382 -0.488432 
6.14563 1.33071 -0.488432 
6.15149 1.3276 -0.488432 
6.15734 1.32449 -0.488432 
6.16319 1.32138 -0.488432 
6.16905 1.31827 -0.488432 
6.1749 1.31516 -0.488432 
6.18075 1.31205 -0.488432 
6.18661 1.30894 -0.488432 
6.19246 1.30583 -0.488432 
6.19831 1.30272 -0.488432 
6.20417 1.29961 -0.488432 
6.21002 1.2965 -0.488432 
6.21587 1.29339 -0.488432 
6.22173 1.29028 -0.488432 
6.22758 1.28717 -0.488432 
6.23343 1.28406 -0.488432 
6.23929 1.28095 -0.488432 
6.24514 1.27784 -0.488432 
6.25099 1.27473 -0.488432 
6.25685 1.27162 -0.488432 
6.2627 1.26851 -0.488432 
6.26855 1.2654 -0.488432 
6.27441 1.26229 -0.488432 
6.28026 1.25918 -0.488432 
6.28611 1.25607 -0.488432 
6.29197 1.25296 -0.488432 
6.29782 1.24985 -0.488432 
6.30367 1.24674 -0.488432 
6.30953 1.24363 -0.488432 
6.31538 1.24052 -0.488432 
6.32123 1.23741 -0.488432 
6.32709 1.23429 -0.488432 
6.33294 1.23118 -0.488432 
6.33879 1.22807 -0.488432 
6.34465 1.22496 -0.488432 
6.3505 1.22185 -0.488432 
6.35635 1.21874 -0.488432 
6.36221 1.21563 -0.488432 
6.36806 1.21252 -0.488432 
6.37391 1.20941 -0.488432 
6.37977 1.2063 -0.488432 
6.38562 1.20319 -0.488432 
6.39147 1.20008 -0.488432 
6.39733 1.19697 -0.488432 
6.40318 1.19386 -0.488432 
6.40903 1.19075 -0.488432 
6.41489 1.18764 -0.488432 
6.42074 1.18453 -0.488432 
6.42659 1.18142 -0.488432 
6.43245 1.17831 -0.488432 
6.4383 1.1752 -0.488432 
6.44415 1.17209 -0.488432 
6.45001 1.16898 -0.488432 
6.45586 1.16587 -0.488432 
6.46171 1.16276 -0.488432 
6.46757 1.15965 -0.488432 
6.47342 1.15654 -0.488432 
6.47927 1.15343 -0.488432 
6.48513 1.15032 -0.488432 
6.49098 1.14721 -0.488432 
6.49683 1.1441 -0.488432 
6.50269 1.14099 -0.488432 
6.50854 1.13788 -0.488432 
6.51439 1.13476 -0.488432 
6.52025 1.13165 -0.488432 
6.5261 1.12854 -0.488432 
6.53195 1.12543 -0.488432 
6.53781 1.12232 -0.488432 
6.54366 1.11921 -0.488432 
6.54951 1.1161 -0.488432 
6.55537 1.11299 -0.488432 
6.56122 1.10988 -0.488432 
6.56707 1.10677 -0.488432 
6.57293 1.10366 -0.488432 
6.57878 1.10055 -0.488432 
6.58463 1.09744 -0.488432 
6.59049 1.09433 -0.488432 
6.59634 1.09122 -0.488432 
6.60219 1.08811 -0.488432 
6.60805 1.085 -0.488432 
6.6139 1.08189 -0.488432 
6.61975 1.07878 -0.488432 
6.62561 1.07567 -0.488432 
6.63146 1.07256 -0.488432 
6.63731 1.06945 -0.488432 
6.64317 1.06634 -0.488432 
6.64902 1.06323 -0.488432 
6.65487 1.06012 -0.488432 
6.66073 1.05701 -0.488432 
6.66658 1.0539 -0.488432 
6.67243 1.05079 -0.488432 
6.67829 1.04768 -0.488432 
6.68414 1.04457 -0.488432 
6.68999 1.04146 -0.488432 
6.69585 1.03835 -0.488432 
6.7017 1.03523 -0.488432 
6.70755 1.03212 -0.488432 
6.71341 1.02901 -0.488432 
6.71926 1.0259 -0.488432 
6.72511 1.02279 -0.488432 
6.73097 1.01968 -0.488432 
6.73682 1.01657 -0.488432 
6.74267 1.01346 -0.488432 
6.74853 1.01035 -0.488432 
6.75438 1.00724 -0.488432 
6.76023 1.00413 -0.488432 
6.76609 1.00102 -0.488432 
6.77194 0.997911 -0.488432 
6.77779 0.994801 -0.488432 
6.78365 0.99169 -0.488432 
6.7895 0.98858 -0.488432 
6.79535 0.98547 -0.488432 
6.80121 0.982359 -0.488432 
6.80706 0.979249 -0.488432 
6.81291 0.976139 -0.488432 
6.81877 0.973028 -0.488432 
6.82462 0.969918 -0.488432 
6.83047 0.966808 -0.488432 
6.83633 0.963698 -0.488432 
6.84218 0.960587 -0.488432 
6.84803 0.957477 -0.488432 
6.85389 0.954367 -0.488432 
6.85974 0.951256 -0.488432 
6.86559 0.948146 -0.488432 
6.87145 0.945036 -0.488432 
6.8773 0.941925 -0.488432 
6.88315 0.938815 -0.488432 
6.88901 0.935705 -0.488432 
6.89486 0.932594 -0.488432 
6.90071 0.929484 -0.488432 
6.90657 0.926374 -0.488432 
6.91242 0.923263 -0.488432 
6.91827 0.920153 -0.488432 
6.92413 0.917043 -0.488432 
6.92998 0.913932 -0.488432 
6.93583 0.910822 -0.488432 
6.94169 0.907712 -0.488432 
6.94754 0.904602 -0.488432 
6.95339 0.901491 -0.488432 
6.95925 0.898381 -0.488432 
6.9651 0.895271 -0.488432 
6.97095 0.892159 -0.49037 
6.97679 0.889018 -0.496999 
6.98261 0.885838 -0.503627 
6.9884 0.88262 -0.510255 
6.99417 0.879363 -0.516884 
6.99992 0.876069 -0.523512 
7.00565 0.872736 -0.53014 
7.01136 0.869365 -0.536769 
7.01705 0.865957 -0.543397 
7.02271 0.862511 -0.550026 
7.02835 0.859028 -0.556654 
7.03396 0.855507 -0.563282 
7.03956 0.851949 -0.569911 
7.04513 0.848354 -0.576539 
7.05067 0.844723 -0.583168 
7.05619 0.841054 -0.589796 
7.06169 0.837349 -0.596424 
7.06716 0.833608 -0.603053 
7.07261 0.829831 -0.609681 
7.07803 0.826017 -0.616309 
7.08342 0.822168 -0.622938 
7.08879 0.818283 -0.629566 
7.09414 0.814363 -0.636195 
7.09946 0.810407 -0.642823 
7.10475 0.806416 -0.649451 
7.11002 0.80239 -0.65608 
7.11525 0.798329 -0.662708 
7.12047 0.794234 -0.669336 
7.12565 0.790104 -0.675965 
7.13081 0.78594 -0.682593 
7.13594 0.781741 -0.689222 
7.14104 0.777509 -0.69585 
7.14611 0.773243 -0.702478 
7.15116 0.768944 -0.709107 
7.15617 0.764611 -0.715735 
7.16116 0.760245 -0.722364 
7.16612 0.755846 -0.728992 
7.17105 0.751415 -0.73562 
7.17595 0.74695 -0.742249 
7.18082 0.742454 -0.748877 
7.18566 0.737925 -0.755505 
7.19047 0.733364 -0.762134 
7.19525 0.728772 -0.768762 
7.2 0.724148 -0.775391 
7.20471 0.719492 -0.782019 
7.2094 0.714806 -0.788647 
7.21406 0.710088 -0.795276 
7.21868 0.70534 -0.801904 
7.22327 0.700561 -0.808532 
7.22784 0.695751 -0.815161 
7.23237 0.690912 -0.821789 
7.23686 0.686043 -0.828418 
7.24133 0.681144 -0.835046 
7.24576 0.676215 -0.841674 
7.25016 0.671257 -0.848303 
7.25453 0.66627 -0.854931 
7.25886 0.661255 -0.86156 
7.26316 0.656211 -0.868188 
7.26743 0.651138 -0.874816 
7.27166 0.646037 -0.881445 
7.27586 0.640908 -0.888073 
7.28002 0.635752 -0.894701 
7.28415 0.630568 -0.90133 
7.28825 0.625357 -0.907958 
7.29231 0.620118 -0.914587 
7.29634 0.614853 -0.921215 
7.30033 0.609561 -0.927843 
7.30429 0.604243 -0.934472 
7.30821 0.598899 -0.9411 
7.31209 0.593529 -0.947729 
7.31594 0.588134 -0.954357 
7.31976 0.582713 -0.960985 
7.32353 0.577266 -0.967614 
7.32728 0.571795 -0.974242 
7.33098 0.5663 -0.98087 
7.33465 0.560779 -0.987499 
7.33828 0.555235 -0.994127 
7.34188 0.549666 -1.00076 
7.34544 0.544074 -1.00738 
7.34896 0.538459 -1.01401 
7.35244 0.53282 -1.02064 
7.35589 0.527158 -1.02727 
7.3593 0.521474 -1.0339 
7.36267 0.515767 -1.04053 
7.366 0.510038 -1.04715 
7.3693 0.504286 -1.05378 
7.37256 0.498514 -1.06041 
7.37578 0.492719 -1.06704 
7.37896 0.486904 -1.07367 
7.3821 0.481067 -1.0803 
7.3852 0.47521 -1.08692 
7.38826 0.469332 -1.09355 
7.39129 0.463435 -1.10018 
7.39428 0.457517 -1.10681 
7.39722 0.451579 -1.11344 
7.40013 0.445623 -1.12007 
7.403 0.439647 -1.12669 
7.40583 0.433652 -1.13332 
7.40861 0.427639 -1.13995 
7.41136 0.421607 -1.14658 
7.41407 0.415557 -1.15321 
7.41674 0.409489 -1.15984 
7.41937 0.403404 -1.16647 
7.42195 0.397302 -1.17309 
7.4245 0.391182 -1.17972 
7.42701 0.385046 -1.18635 
7.42947 0.378893 -1.19298 
7.4319 0.372724 -1.19961 
7.43428 0.366539 -1.20624 
7.43662 0.360339 -1.21286 
7.43892 0.354123 -1.21949 
7.44119 0.347892 -1.22612 
7.4434 0.341646 -1.23275 
7.44558 0.335385 -1.23938 
7.44772 0.32911 -1.24601 
7.44981 0.322822 -1.25263 
7.45186 0.316519 -1.25926 
7.45388 0.310203 -1.26589 
7.45584 0.303874 -1.27252 
7.45777 0.297532 -1.27915 
7.45966 0.291177 -1.28578 
7.4615 0.28481 -1.2924 
7.4633 0.278431 -1.29903 
7.46506 0.27204 -1.30566 
7.46677 0.265637 -1.31229 
7.46845 0.259224 -1.31892 
7.47008 0.252799 -1.32555 
7.47166 0.246364 -1.33217 
7.47321 0.239918 -1.3388 
7.47471 0.233462 -1.34543 
7.47617 0.226996 -1.35206 
7.47759 0.220521 -1.35869 
7.47896 0.214037 -1.36532 
7.48029 0.207544 -1.37194 
7.48158 0.201041 -1.37857 
7.48283 0.194531 -1.3852 
7.48403 0.188012 -1.39183 
7.48519 0.181486 -1.39846 
7.4863 0.174952 -1.40509 
7.48737 0.168411 -1.41172 
7.4884 0.161863 -1.41834 
7.48939 0.155308 -1.42497 
7.49033 0.148747 -1.4316 
7.49123 0.14218 -1.43823 
7.49208 0.135607 -1.44486 
7.49289 0.129028 -1.45149 
7.49366 0.122444 -1.45811 
7.49438 0.115855 -1.46474 
7.49506 0.109262 -1.47137 
7.4957 0.102664 -1.478 
7.49629 0.0960624 -1.48463 
7.49684 0.0894567 -1.49126 
7.49734 0.0828476 -1.49788 
7.4978 0.0762353 -1.50451 
7.49822 0.0696201 -1.51114 
7.49859 0.0630022 -1.51777 
7.49892 0.056382 -1.5244 
7.49921 0.0497598 -1.53103 
7.49945 0.0431358 -1.53765 
7.49965 0.0365104 -1.54428 
7.4998 0.0298838 -1.55091 
7.49991 0.0232564 -1.55754 
7.49998 0.0166283 -1.56417 
7.5 0.01 -1.5708 

